# SPI Transaction input file
# each row is one transaction of 4 bytes
# first column is which avr cycle to start in
# next four columns are byte in hex
# final column is 0 if CS not raised, 1 if CS raised after transaction complete
3000000 30 00 00 00 0    # hello, anyone there?
3002000 00 00 00 00 1
3005000 75 00 00 00 0    # device signature bytes
3007000 00 00 00 00 1
# write Blink.ino.hex to flash
4000000 55 00 00 00 0
4005000 00 00 00 00 1
4020000 64 00 80 00 0
4035000 0c 94 5c 00 0
4040000 0c 94 6e 00 0
4045000 0c 94 6e 00 0
4050000 0c 94 6e 00 0
4055000 0c 94 6e 00 0
4060000 0c 94 6e 00 0
4065000 0c 94 6e 00 0
4070000 0c 94 6e 00 0
4075000 0c 94 6e 00 0
4080000 0c 94 6e 00 0
4085000 0c 94 6e 00 0
4090000 0c 94 6e 00 0
4095000 0c 94 6e 00 0
4100000 0c 94 6e 00 0
4105000 0c 94 6e 00 0
4110000 0c 94 6e 00 0
4115000 0c 94 13 01 0
4120000 0c 94 6e 00 0
4125000 0c 94 6e 00 0
4130000 0c 94 6e 00 0
4135000 0c 94 6e 00 0
4140000 0c 94 6e 00 0
4145000 0c 94 6e 00 0
4150000 0c 94 6e 00 0
4155000 0c 94 6e 00 0
4160000 0c 94 6e 00 0
4165000 00 00 00 00 0
4170000 24 00 27 00 0
4175000 2a 00 00 00 0
4180000 00 00 25 00 0
4185000 28 00 2b 00 0
4190000 04 04 04 04 0
4205000 00 00 00 00 1 REPEAT
4235000 55 40 00 00 0
4240000 00 00 00 00 1
4255000 64 00 80 00 0
4270000 04 04 04 04 0
4275000 02 02 02 02 0
4280000 02 02 03 03 0
4285000 03 03 03 03 0
4290000 01 02 04 08 0
4295000 10 20 40 80 0
4300000 01 02 04 08 0
4305000 10 20 01 02 0
4310000 04 08 10 20 0
4315000 00 00 00 08 0
4320000 00 02 01 00 0
4325000 00 03 04 07 0
4330000 00 00 00 00 0
4335000 00 00 00 00 0
4340000 11 24 1f be 0
4345000 cf ef d8 e0 0
4350000 de bf cd bf 0
4355000 21 e0 a0 e0 0
4360000 b1 e0 01 c0 0
4365000 1d 92 a9 30 0
4370000 b2 07 e1 f7 0
4375000 0e 94 5d 01 0
4380000 0c 94 cc 01 0
4385000 0c 94 00 00 0
4390000 e1 eb f0 e0 0
4395000 24 91 ed e9 0
4400000 f0 e0 94 91 0
4405000 e9 e8 f0 e0 0
4410000 e4 91 ee 23 0
4415000 c9 f0 22 23 0
4420000 39 f0 23 30 0
4425000 01 f1 a8 f4 0
4440000 00 00 00 00 1 REPEAT
4470000 55 80 00 00 0
4475000 00 00 00 00 1
4490000 64 00 80 00 0
4505000 21 30 19 f1 0
4510000 22 30 29 f1 0
4515000 f0 e0 ee 0f 0
4520000 ff 1f ee 58 0
4525000 ff 4f a5 91 0
4530000 b4 91 2f b7 0
4535000 f8 94 ec 91 0
4540000 81 11 26 c0 0
4545000 90 95 9e 23 0
4550000 9c 93 2f bf 0
4555000 08 95 27 30 0
4560000 a9 f0 28 30 0
4565000 c9 f0 24 30 0
4570000 49 f7 20 91 0
4575000 80 00 2f 7d 0
4580000 03 c0 20 91 0
4585000 80 00 2f 77 0
4590000 20 93 80 00 0
4595000 df cf 24 b5 0
4600000 2f 77 24 bd 0
4605000 db cf 24 b5 0
4610000 2f 7d fb cf 0
4615000 20 91 b0 00 0
4620000 2f 77 20 93 0
4625000 b0 00 d2 cf 0
4630000 20 91 b0 00 0
4635000 2f 7d f9 cf 0
4640000 9e 2b da cf 0
4645000 3f b7 f8 94 0
4650000 80 91 05 01 0
4655000 90 91 06 01 0
4660000 a0 91 07 01 0
4675000 00 00 00 00 1 REPEAT
4705000 55 c0 00 00 0
4710000 00 00 00 00 1
4725000 64 00 80 00 0
4740000 b0 91 08 01 0
4745000 26 b5 a8 9b 0
4750000 05 c0 2f 3f 0
4755000 19 f0 01 96 0
4760000 a1 1d b1 1d 0
4765000 3f bf ba 2f 0
4770000 a9 2f 98 2f 0
4775000 88 27 bc 01 0
4780000 cd 01 62 0f 0
4785000 71 1d 81 1d 0
4790000 91 1d 42 e0 0
4795000 66 0f 77 1f 0
4800000 88 1f 99 1f 0
4805000 4a 95 d1 f7 0
4810000 08 95 8f 92 0
4815000 9f 92 af 92 0
4820000 bf 92 cf 92 0
4825000 df 92 ef 92 0
4830000 ff 92 0e 94 0
4835000 b8 00 4b 01 0
4840000 5c 01 88 ee 0
4845000 c8 2e 83 e0 0
4850000 d8 2e e1 2c 0
4855000 f1 2c 0e 94 0
4860000 b8 00 68 19 0
4865000 79 09 8a 09 0
4870000 9b 09 68 3e 0
4875000 73 40 81 05 0
4880000 91 05 a8 f3 0
4885000 21 e0 c2 1a 0
4890000 d1 08 e1 08 0
4895000 f1 08 88 ee 0
4910000 00 00 00 00 1 REPEAT
4940000 55 00 01 00 0
4945000 00 00 00 00 1
4960000 64 00 80 00 0
4975000 88 0e 83 e0 0
4980000 98 1e a1 1c 0
4985000 b1 1c c1 14 0
4990000 d1 04 e1 04 0
4995000 f1 04 29 f7 0
5000000 ff 90 ef 90 0
5005000 df 90 cf 90 0
5010000 bf 90 af 90 0
5015000 9f 90 8f 90 0
5020000 08 95 1f 92 0
5025000 0f 92 0f b6 0
5030000 0f 92 11 24 0
5035000 2f 93 3f 93 0
5040000 8f 93 9f 93 0
5045000 af 93 bf 93 0
5050000 80 91 01 01 0
5055000 90 91 02 01 0
5060000 a0 91 03 01 0
5065000 b0 91 04 01 0
5070000 30 91 00 01 0
5075000 23 e0 23 0f 0
5080000 2d 37 58 f5 0
5085000 01 96 a1 1d 0
5090000 b1 1d 20 93 0
5095000 00 01 80 93 0
5100000 01 01 90 93 0
5105000 02 01 a0 93 0
5110000 03 01 b0 93 0
5115000 04 01 80 91 0
5120000 05 01 90 91 0
5125000 06 01 a0 91 0
5130000 07 01 b0 91 0
5145000 00 00 00 00 1 REPEAT
5175000 55 40 01 00 0
5180000 00 00 00 00 1
5195000 64 00 80 00 0
5210000 08 01 01 96 0
5215000 a1 1d b1 1d 0
5220000 80 93 05 01 0
5225000 90 93 06 01 0
5230000 a0 93 07 01 0
5235000 b0 93 08 01 0
5240000 bf 91 af 91 0
5245000 9f 91 8f 91 0
5250000 3f 91 2f 91 0
5255000 0f 90 0f be 0
5260000 0f 90 1f 90 0
5265000 18 95 26 e8 0
5270000 23 0f 02 96 0
5275000 a1 1d b1 1d 0
5280000 d2 cf 78 94 0
5285000 84 b5 82 60 0
5290000 84 bd 84 b5 0
5295000 81 60 84 bd 0
5300000 85 b5 82 60 0
5305000 85 bd 85 b5 0
5310000 81 60 85 bd 0
5315000 80 91 6e 00 0
5320000 81 60 80 93 0
5325000 6e 00 10 92 0
5330000 81 00 80 91 0
5335000 81 00 82 60 0
5340000 80 93 81 00 0
5345000 80 91 81 00 0
5350000 81 60 80 93 0
5355000 81 00 80 91 0
5360000 80 00 81 60 0
5365000 80 93 80 00 0
5380000 00 00 00 00 1 REPEAT
5410000 55 80 01 00 0
5415000 00 00 00 00 1
5430000 64 00 80 00 0
5445000 80 91 b1 00 0
5450000 84 60 80 93 0
5455000 b1 00 80 91 0
5460000 b0 00 81 60 0
5465000 80 93 b0 00 0
5470000 80 91 7a 00 0
5475000 84 60 80 93 0
5480000 7a 00 80 91 0
5485000 7a 00 82 60 0
5490000 80 93 7a 00 0
5495000 80 91 7a 00 0
5500000 81 60 80 93 0
5505000 7a 00 80 91 0
5510000 7a 00 80 68 0
5515000 80 93 7a 00 0
5520000 10 92 c1 00 0
5525000 ed e9 f0 e0 0
5530000 24 91 e9 e8 0
5535000 f0 e0 84 91 0
5540000 88 23 99 f0 0
5545000 90 e0 88 0f 0
5550000 99 1f fc 01 0
5555000 e8 59 ff 4f 0
5560000 a5 91 b4 91 0
5565000 fc 01 ee 58 0
5570000 ff 4f 85 91 0
5575000 94 91 8f b7 0
5580000 f8 94 ec 91 0
5585000 e2 2b ec 93 0
5590000 8f bf c0 e0 0
5595000 d0 e0 81 e0 0
5600000 0e 94 70 00 0
5615000 00 00 00 00 1 REPEAT
5645000 55 c0 01 00 0
5650000 00 00 00 00 1
5665000 64 00 1c 00 0
5680000 0e 94 dd 00 0
5685000 80 e0 0e 94 0
5690000 70 00 0e 94 0
5695000 dd 00 20 97 0
5700000 a1 f3 0e 94 0
5705000 00 00 f1 cf 0
5710000 f8 94 ff cf 0
5725000 00 00 00 00 1 REPEAT
